5036 11970 441203.0 4472342
3116 5397 446679.0 4477862
89 4688 441294.0 4473322
1509 4421 439378.0 4481024
1125 4120 441042.0 4471704
5390 3748 450542.0 4478279
2434 3602 438822.0 4470939
1480 3392 435743.5 4471775
58 3333 441699.0 4476553
4333 3111 439661.6 4474785
1384 2978 440364.0 4476666
3459 2951 434779.0 4480640
4182 2831 437098.3 4469129
2629 2800 436046.0 4473327
2035 2725 444910.0 4480356
411 2628 443422.0 4478413
3449 2604 438704.0 4476721
6 2566 433677.3 4479860
220 2510 444357.0 4478866
1207 2456 447854.0 4475267
5365 2451 440913.0 4479396
1086 2400 446025.0 4475146
